 1.00000E-01, 1.95021E+28
 2.00000E-01, 3.70434E+28
 3.00000E-01, 3.16753E+28
 4.00000E-01, 2.52875E+28
 5.00000E-01, 1.98408E+28
 6.00000E-01, 1.53488E+28
 7.00000E-01, 1.16626E+28
 8.00000E-01, 8.64324E+27
 9.00000E-01, 6.17442E+27
 1.00000E+00, 4.15983E+27
 1.10000E+00, 2.51990E+27
 1.20000E+00, 1.18892E+27
 1.30000E+00, 1.12574E+26
 1.40000E+00,-7.53975E+26
 1.50000E+00,-1.44776E+27
 1.60000E+00,-1.99939E+27
 1.70000E+00,-2.43451E+27
 1.80000E+00,-2.77345E+27
 1.90000E+00,-3.03300E+27
 2.00000E+00,-3.22795E+27
 2.10000E+00,-3.37007E+27
 2.20000E+00,-3.46905E+27
 2.30000E+00,-3.53286E+27
 2.40000E+00,-3.56808E+27
 2.50000E+00,-3.58013E+27
 2.60000E+00,-3.57350E+27
 2.70000E+00,-3.55188E+27
 2.80000E+00,-3.51827E+27
 2.90000E+00,-3.47518E+27
 3.00000E+00,-3.42464E+27
 3.10000E+00,-3.36836E+27
 3.20000E+00,-3.30770E+27
 3.30000E+00,-3.24380E+27
 3.40000E+00,-3.17759E+27
 3.50000E+00,-3.10983E+27
 3.60000E+00,-3.04111E+27
 3.70000E+00,-2.97195E+27
 3.80000E+00,-2.90274E+27
 3.90000E+00,-2.83382E+27
 4.00000E+00,-2.76543E+27
 4.10000E+00,-2.69779E+27
 4.20000E+00,-2.63106E+27
 4.30000E+00,-2.56535E+27
 4.40000E+00,-2.50079E+27
 4.50000E+00,-2.43742E+27
 4.60000E+00,-2.37532E+27
 4.70000E+00,-2.31452E+27
 4.80000E+00,-2.25504E+27
 4.90000E+00,-2.19690E+27
 5.00000E+00,-2.14009E+27
 5.10000E+00,-2.08461E+27
 5.20000E+00,-2.03046E+27
 5.30000E+00,-1.97763E+27
 5.40000E+00,-1.92610E+27
 5.50000E+00,-1.87585E+27
 5.60000E+00,-1.82686E+27
 5.70000E+00,-1.77911E+27
 5.80000E+00,-1.73295E+27
 5.90000E+00,-1.68830E+27
 6.00000E+00,-1.64471E+27
 6.10000E+00,-1.60179E+27
 6.20000E+00,-1.55959E+27
 6.30000E+00,-1.51847E+27
 6.40000E+00,-1.47846E+27
 6.50000E+00,-1.43952E+27
 6.60000E+00,-1.40162E+27
 6.70000E+00,-1.36474E+27
 6.80000E+00,-1.32883E+27
 6.90000E+00,-1.29388E+27
 7.00000E+00,-1.25985E+27
 7.10000E+00,-1.22672E+27
 7.20000E+00,-1.19448E+27
 7.30000E+00,-1.16308E+27
 7.40000E+00,-1.13251E+27
 7.50000E+00,-1.10275E+27
 7.60000E+00,-1.07377E+27
 7.70000E+00,-1.04555E+27
 7.80000E+00,-1.01808E+27
 7.90000E+00,-9.91333E+26
 8.00000E+00,-9.65493E+26
 8.10000E+00,-9.40324E+26
 8.20000E+00,-9.15586E+26
 8.30000E+00,-8.91485E+26
 8.40000E+00,-8.68025E+26
 8.50000E+00,-8.45188E+26
 8.60000E+00,-8.22957E+26
 8.70000E+00,-8.01313E+26
 8.80000E+00,-7.80243E+26
 8.90000E+00,-7.59729E+26
 9.00000E+00,-7.39757E+26
 9.10000E+00,-7.20314E+26
 9.20000E+00,-7.01383E+26
 9.30000E+00,-6.82952E+26
 9.40000E+00,-6.65005E+26
 9.50000E+00,-6.47532E+26
 9.60000E+00,-6.30518E+26
 9.70000E+00,-6.13953E+26
 9.80000E+00,-5.97824E+26
 9.90000E+00,-5.82118E+26
 1.00000E+01,-5.66824E+26
 1.01000E+01,-5.51934E+26
 1.02000E+01,-5.37435E+26
 1.03000E+01,-5.23316E+26
 1.04000E+01,-5.09569E+26
 1.05000E+01,-4.96183E+26
 1.06000E+01,-4.83149E+26
 1.07000E+01,-4.70457E+26
 1.08000E+01,-4.58098E+26
 1.09000E+01,-4.46065E+26
 1.10000E+01,-4.34349E+26
 1.11000E+01,-4.22941E+26
 1.12000E+01,-4.11831E+26
 1.13000E+01,-4.01013E+26
 1.14000E+01,-3.90479E+26
 1.15000E+01,-3.80222E+26
 1.16000E+01,-3.70233E+26
 1.17000E+01,-3.60508E+26
 1.18000E+01,-3.51038E+26
 1.19000E+01,-3.41818E+26
 1.20000E+01,-3.32839E+26
 1.21000E+01,-3.24096E+26
 1.22000E+01,-3.15583E+26
 1.23000E+01,-3.07293E+26
 1.24000E+01,-2.99221E+26
 1.25000E+01,-2.91362E+26
 1.26000E+01,-2.83768E+26
 1.27000E+01,-2.76372E+26
 1.28000E+01,-2.69102E+26
 1.29000E+01,-2.62019E+26
 1.30000E+01,-2.55125E+26
 1.31000E+01,-2.48414E+26
 1.32000E+01,-2.41880E+26
 1.33000E+01,-2.35519E+26
 1.34000E+01,-2.29326E+26
 1.35000E+01,-2.23297E+26
 1.36000E+01,-2.17427E+26
 1.37000E+01,-2.11712E+26
 1.38000E+01,-2.06149E+26
 1.39000E+01,-2.00731E+26
 1.40000E+01,-1.95457E+26
 1.41000E+01,-1.90321E+26
 1.42000E+01,-1.85320E+26
 1.43000E+01,-1.80452E+26
 1.44000E+01,-1.75711E+26
 1.45000E+01,-1.71095E+26
 1.46000E+01,-1.66601E+26
 1.47000E+01,-1.62224E+26
 1.48000E+01,-1.57963E+26
 1.49000E+01,-1.53813E+26
 1.50000E+01,-1.49773E+26
 1.51000E+01,-1.45838E+26
 1.52000E+01,-1.42007E+26
 1.53000E+01,-1.38277E+26
 1.54000E+01,-1.34645E+26
 1.55000E+01,-1.31108E+26
 1.56000E+01,-1.27665E+26
 1.57000E+01,-1.24311E+26
 1.58000E+01,-1.21046E+26
 1.59000E+01,-1.17866E+26
 1.60000E+01,-1.14770E+26
 1.61000E+01,-1.11755E+26
 1.62000E+01,-1.08820E+26
 1.63000E+01,-1.05961E+26
 1.64000E+01,-1.03178E+26
 1.65000E+01,-1.00468E+26
 1.66000E+01,-9.78288E+25
 1.67000E+01,-9.52590E+25
 1.68000E+01,-9.27567E+25
 1.69000E+01,-9.03202E+25
 1.70000E+01,-8.79477E+25
 1.71000E+01,-8.56376E+25
 1.72000E+01,-8.33882E+25
 1.73000E+01,-8.11978E+25
 1.74000E+01,-7.90649E+25
 1.75000E+01,-7.69881E+25
 1.76000E+01,-7.49658E+25
 1.77000E+01,-7.29966E+25
 1.78000E+01,-7.10793E+25
 1.79000E+01,-6.92123E+25
 1.80000E+01,-6.73943E+25
 1.81000E+01,-6.56238E+25
 1.82000E+01,-6.38999E+25
 1.83000E+01,-6.22213E+25
 1.84000E+01,-6.05869E+25
 1.85000E+01,-5.89953E+25
 1.86000E+01,-5.74457E+25
 1.87000E+01,-5.59370E+25
 1.88000E+01,-5.44678E+25
 1.89000E+01,-5.30372E+25
 1.90000E+01,-5.16441E+25
 1.91000E+01,-5.02875E+25
 1.92000E+01,-4.89667E+25
 1.93000E+01,-4.76805E+25
 1.94000E+01,-4.64379E+25
 1.95000E+01,-4.52274E+25
 1.96000E+01,-4.40377E+25
 1.97000E+01,-4.28787E+25
 1.98000E+01,-4.17503E+25
 1.99000E+01,-4.06519E+25
 2.00000E+01,-3.95827E+25
 2.01000E+01,-3.85418E+25
 2.02000E+01,-3.75284E+25
 2.03000E+01,-3.65419E+25
 2.04000E+01,-3.55813E+25
 2.05000E+01,-3.46461E+25
 2.06000E+01,-3.37356E+25
 2.07000E+01,-3.28492E+25
 2.08000E+01,-3.19861E+25
 2.09000E+01,-3.11457E+25
 2.10000E+01,-3.03274E+25
 2.11000E+01,-2.95307E+25
 2.12000E+01,-2.87549E+25
 2.13000E+01,-2.79995E+25
 2.14000E+01,-2.72640E+25
 2.15000E+01,-2.65478E+25
 2.16000E+01,-2.58504E+25
 2.17000E+01,-2.51712E+25
 2.18000E+01,-2.45100E+25
 2.19000E+01,-2.38661E+25
 2.20000E+01,-2.32391E+25
 2.21000E+01,-2.26286E+25
 2.22000E+01,-2.20342E+25
 2.23000E+01,-2.14554E+25
 2.24000E+01,-2.08919E+25
 2.25000E+01,-2.03431E+25
 2.26000E+01,-1.98087E+25
 2.27000E+01,-1.92884E+25
 2.28000E+01,-1.87817E+25
 2.29000E+01,-1.82883E+25
 2.30000E+01,-1.78079E+25
 2.31000E+01,-1.73401E+25
 2.32000E+01,-1.68846E+25
 2.33000E+01,-1.64411E+25
 2.34000E+01,-1.60092E+25
 2.35000E+01,-1.55887E+25
 2.36000E+01,-1.51792E+25
 2.37000E+01,-1.47805E+25
 2.38000E+01,-1.43923E+25
 2.39000E+01,-1.40143E+25
 2.40000E+01,-1.36462E+25
 2.41000E+01,-1.32877E+25
 2.42000E+01,-1.29386E+25
 2.43000E+01,-1.25988E+25
 2.44000E+01,-1.22678E+25
 2.45000E+01,-1.19456E+25
 2.46000E+01,-1.16318E+25
 2.47000E+01,-1.13263E+25
 2.48000E+01,-1.10288E+25
 2.49000E+01,-1.07391E+25
 2.50000E+01,-1.04570E+25
 2.51000E+01,-1.01823E+25
 2.52000E+01,-9.91486E+24
 2.53000E+01,-9.65442E+24
 2.54000E+01,-9.40282E+24
 2.55000E+01,-9.15768E+24
 2.56000E+01,-8.91670E+24
 2.57000E+01,-8.68193E+24
 2.58000E+01,-8.45338E+24
 2.59000E+01,-8.23092E+24
 2.60000E+01,-8.01440E+24
 2.61000E+01,-7.80526E+24
 2.62000E+01,-7.60158E+24
 2.63000E+01,-7.40144E+24
 2.64000E+01,-7.20647E+24
 2.65000E+01,-7.01672E+24
 2.66000E+01,-6.83201E+24
 2.67000E+01,-6.65221E+24
 2.68000E+01,-6.47720E+24
 2.69000E+01,-6.30685E+24
 2.70000E+01,-6.14100E+24
 2.71000E+01,-5.97954E+24
 2.72000E+01,-5.82235E+24
 2.73000E+01,-5.66931E+24
 2.74000E+01,-5.52030E+24
 2.75000E+01,-5.37523E+24
 2.76000E+01,-5.23398E+24
 2.77000E+01,-5.09644E+24
 2.78000E+01,-4.96253E+24
 2.79000E+01,-4.83215E+24
 2.80000E+01,-4.70520E+24
 2.81000E+01,-4.58158E+24
 2.82000E+01,-4.46122E+24
 2.83000E+01,-4.34402E+24
 2.84000E+01,-4.22991E+24
 2.85000E+01,-4.11880E+24
 2.86000E+01,-4.01060E+24
 2.87000E+01,-3.90607E+24
 2.88000E+01,-3.80424E+24
 2.89000E+01,-3.70415E+24
 2.90000E+01,-3.60665E+24
 2.91000E+01,-3.51174E+24
 2.92000E+01,-3.42007E+24
 2.93000E+01,-3.33082E+24
 2.94000E+01,-3.24311E+24
 2.95000E+01,-3.15766E+24
 2.96000E+01,-3.07451E+24
 2.97000E+01,-2.99357E+24
 2.98000E+01,-2.91479E+24
 2.99000E+01,-2.83870E+24
 3.00000E+01,-2.76460E+24
