 1.00000E-01, 2.00542E-01
 2.00000E-01, 3.15942E-01
 3.00000E-01, 1.48584E-01
 4.00000E-01,-1.45703E-02
 5.00000E-01,-1.74838E-01
 6.00000E-01,-3.32059E-01
 7.00000E-01,-4.86405E-01
 8.00000E-01,-6.37882E-01
 9.00000E-01,-7.86498E-01
 1.00000E+00,-9.32260E-01
 1.10000E+00,-1.07518E+00
 1.20000E+00,-1.21525E+00
 1.30000E+00,-1.35250E+00
 1.40000E+00,-1.48693E+00
 1.50000E+00,-1.61855E+00
 1.60000E+00,-1.74737E+00
 1.70000E+00,-1.87339E+00
 1.80000E+00,-1.99663E+00
 1.90000E+00,-2.11709E+00
 2.00000E+00,-2.23479E+00
 2.10000E+00,-2.34974E+00
 2.20000E+00,-2.46194E+00
 2.30000E+00,-2.57141E+00
 2.40000E+00,-2.67815E+00
 2.50000E+00,-2.78219E+00
 2.60000E+00,-2.88343E+00
 2.70000E+00,-2.98198E+00
 2.80000E+00,-3.07794E+00
 2.90000E+00,-3.17124E+00
 3.00000E+00,-3.26188E+00
 3.10000E+00,-3.34979E+00
 3.20000E+00,-3.43506E+00
 3.30000E+00,-3.51781E+00
 3.40000E+00,-3.59796E+00
 3.50000E+00,-3.67551E+00
 3.60000E+00,-3.75037E+00
 3.70000E+00,-3.82268E+00
 3.80000E+00,-3.89253E+00
 3.90000E+00,-3.95973E+00
 4.00000E+00,-4.02441E+00
 4.10000E+00,-4.08667E+00
 4.20000E+00,-4.14632E+00
 4.30000E+00,-4.20349E+00
 4.40000E+00,-4.25829E+00
 4.50000E+00,-4.31062E+00
 4.60000E+00,-4.36050E+00
 4.70000E+00,-4.40796E+00
 4.80000E+00,-4.45300E+00
 4.90000E+00,-4.49563E+00
 5.00000E+00,-4.53587E+00
 5.10000E+00,-4.57374E+00
 5.20000E+00,-4.60925E+00
 5.30000E+00,-4.64242E+00
 5.40000E+00,-4.67325E+00
 5.50000E+00,-4.70178E+00
 5.60000E+00,-4.72790E+00
 5.70000E+00,-4.75173E+00
 5.80000E+00,-4.77331E+00
 5.90000E+00,-4.79262E+00
 6.00000E+00,-4.80981E+00
 6.10000E+00,-4.82478E+00
 6.20000E+00,-4.83754E+00
 6.30000E+00,-4.84811E+00
 6.40000E+00,-4.85652E+00
 6.50000E+00,-4.86276E+00
 6.60000E+00,-4.86686E+00
 6.70000E+00,-4.86884E+00
 6.80000E+00,-4.86871E+00
 6.90000E+00,-4.86649E+00
 7.00000E+00,-4.86220E+00
 7.10000E+00,-4.85585E+00
 7.20000E+00,-4.84746E+00
 7.30000E+00,-4.83704E+00
 7.40000E+00,-4.82462E+00
 7.50000E+00,-4.81021E+00
 7.60000E+00,-4.79383E+00
 7.70000E+00,-4.77548E+00
 7.80000E+00,-4.75520E+00
 7.90000E+00,-4.73299E+00
 8.00000E+00,-4.70889E+00
 8.10000E+00,-4.68289E+00
 8.20000E+00,-4.65503E+00
 8.30000E+00,-4.62531E+00
 8.40000E+00,-4.59375E+00
 8.50000E+00,-4.56038E+00
 8.60000E+00,-4.52520E+00
 8.70000E+00,-4.48825E+00
 8.80000E+00,-4.44953E+00
 8.90000E+00,-4.40906E+00
 9.00000E+00,-4.36686E+00
 9.10000E+00,-4.32296E+00
 9.20000E+00,-4.27736E+00
 9.30000E+00,-4.23009E+00
 9.40000E+00,-4.18115E+00
 9.50000E+00,-4.13057E+00
 9.60000E+00,-4.07837E+00
 9.70000E+00,-4.02457E+00
 9.80000E+00,-3.96917E+00
 9.90000E+00,-3.91221E+00
 1.00000E+01,-3.85369E+00
 1.01000E+01,-3.79364E+00
 1.02000E+01,-3.73208E+00
 1.03000E+01,-3.66903E+00
 1.04000E+01,-3.60449E+00
 1.05000E+01,-3.53849E+00
 1.06000E+01,-3.47105E+00
 1.07000E+01,-3.40218E+00
 1.08000E+01,-3.33190E+00
 1.09000E+01,-3.26023E+00
 1.10000E+01,-3.18718E+00
 1.11000E+01,-3.11278E+00
 1.12000E+01,-3.03706E+00
 1.13000E+01,-2.96001E+00
 1.14000E+01,-2.88166E+00
 1.15000E+01,-2.80204E+00
 1.16000E+01,-2.72115E+00
 1.17000E+01,-2.63900E+00
 1.18000E+01,-2.55563E+00
 1.19000E+01,-2.47104E+00
 1.20000E+01,-2.38527E+00
 1.21000E+01,-2.29831E+00
 1.22000E+01,-2.21020E+00
 1.23000E+01,-2.12096E+00
 1.24000E+01,-2.03059E+00
 1.25000E+01,-1.93912E+00
 1.26000E+01,-1.84657E+00
 1.27000E+01,-1.75294E+00
 1.28000E+01,-1.65827E+00
 1.29000E+01,-1.56256E+00
 1.30000E+01,-1.46574E+00
 1.31000E+01,-1.36792E+00
 1.32000E+01,-1.26922E+00
 1.33000E+01,-1.16955E+00
 1.34000E+01,-1.06893E+00
 1.35000E+01,-9.67382E-01
 1.36000E+01,-8.64913E-01
 1.37000E+01,-7.61554E-01
 1.38000E+01,-6.57321E-01
 1.39000E+01,-5.52231E-01
 1.40000E+01,-4.46300E-01
 1.41000E+01,-3.39543E-01
 1.42000E+01,-2.31975E-01
 1.43000E+01,-1.23613E-01
 1.44000E+01,-1.44715E-02
 1.45000E+01, 9.54250E-02
 1.46000E+01, 2.06062E-01
 1.47000E+01, 3.17424E-01
 1.48000E+01, 4.29488E-01
 1.49000E+01, 5.42251E-01
 1.50000E+01, 6.55687E-01
 1.51000E+01, 7.69783E-01
 1.52000E+01, 8.84527E-01
 1.53000E+01, 9.99895E-01
 1.54000E+01, 1.11587E+00
 1.55000E+01, 1.23244E+00
 1.56000E+01, 1.34959E+00
 1.57000E+01, 1.46730E+00
 1.58000E+01, 1.58555E+00
 1.59000E+01, 1.70433E+00
 1.60000E+01, 1.82363E+00
 1.61000E+01, 1.94341E+00
 1.62000E+01, 2.06368E+00
 1.63000E+01, 2.18442E+00
 1.64000E+01, 2.30560E+00
 1.65000E+01, 2.42722E+00
 1.66000E+01, 2.54934E+00
 1.67000E+01, 2.67186E+00
 1.68000E+01, 2.79470E+00
 1.69000E+01, 2.91799E+00
 1.70000E+01, 3.04163E+00
 1.71000E+01, 3.16555E+00
 1.72000E+01, 3.28980E+00
 1.73000E+01, 3.41436E+00
 1.74000E+01, 3.53922E+00
 1.75000E+01, 3.66437E+00
 1.76000E+01, 3.78984E+00
 1.77000E+01, 3.91558E+00
 1.78000E+01, 4.04149E+00
 1.79000E+01, 4.16763E+00
 1.80000E+01, 4.29398E+00
 1.81000E+01, 4.42053E+00
 1.82000E+01, 4.54728E+00
 1.83000E+01, 4.67419E+00
 1.84000E+01, 4.80126E+00
 1.85000E+01, 4.92848E+00
 1.86000E+01, 5.05583E+00
 1.87000E+01, 5.18328E+00
 1.88000E+01, 5.31084E+00
 1.89000E+01, 5.43847E+00
 1.90000E+01, 5.56620E+00
 1.91000E+01, 5.69398E+00
 1.92000E+01, 5.82181E+00
 1.93000E+01, 5.94968E+00
 1.94000E+01, 6.07759E+00
 1.95000E+01, 6.20549E+00
 1.96000E+01, 6.33339E+00
 1.97000E+01, 6.46128E+00
 1.98000E+01, 6.58914E+00
 1.99000E+01, 6.71694E+00
 2.00000E+01, 6.84471E+00
 2.01000E+01, 6.97242E+00
 2.02000E+01, 7.10005E+00
 2.03000E+01, 7.22759E+00
 2.04000E+01, 7.35504E+00
 2.05000E+01, 7.48237E+00
 2.06000E+01, 7.60957E+00
 2.07000E+01, 7.73664E+00
 2.08000E+01, 7.86356E+00
 2.09000E+01, 7.99032E+00
 2.10000E+01, 8.11691E+00
 2.11000E+01, 8.24333E+00
 2.12000E+01, 8.36956E+00
 2.13000E+01, 8.49559E+00
 2.14000E+01, 8.62140E+00
 2.15000E+01, 8.74697E+00
 2.16000E+01, 8.87233E+00
 2.17000E+01, 8.99746E+00
 2.18000E+01, 9.12232E+00
 2.19000E+01, 9.24693E+00
 2.20000E+01, 9.37125E+00
 2.21000E+01, 9.49528E+00
 2.22000E+01, 9.61900E+00
 2.23000E+01, 9.74243E+00
 2.24000E+01, 9.86554E+00
 2.25000E+01, 9.98832E+00
 2.26000E+01, 1.01108E+01
 2.27000E+01, 1.02329E+01
 2.28000E+01, 1.03546E+01
 2.29000E+01, 1.04760E+01
 2.30000E+01, 1.05970E+01
 2.31000E+01, 1.07177E+01
 2.32000E+01, 1.08380E+01
 2.33000E+01, 1.09578E+01
 2.34000E+01, 1.10773E+01
 2.35000E+01, 1.11963E+01
 2.36000E+01, 1.13149E+01
 2.37000E+01, 1.14331E+01
 2.38000E+01, 1.15508E+01
 2.39000E+01, 1.16681E+01
 2.40000E+01, 1.17849E+01
 2.41000E+01, 1.19012E+01
 2.42000E+01, 1.20171E+01
 2.43000E+01, 1.21325E+01
 2.44000E+01, 1.22475E+01
 2.45000E+01, 1.23619E+01
 2.46000E+01, 1.24758E+01
 2.47000E+01, 1.25892E+01
 2.48000E+01, 1.27021E+01
 2.49000E+01, 1.28145E+01
 2.50000E+01, 1.29263E+01
 2.51000E+01, 1.30376E+01
 2.52000E+01, 1.31484E+01
 2.53000E+01, 1.32586E+01
 2.54000E+01, 1.33682E+01
 2.55000E+01, 1.34773E+01
 2.56000E+01, 1.35858E+01
 2.57000E+01, 1.36937E+01
 2.58000E+01, 1.38011E+01
 2.59000E+01, 1.39078E+01
 2.60000E+01, 1.40140E+01
 2.61000E+01, 1.41196E+01
 2.62000E+01, 1.42245E+01
 2.63000E+01, 1.43288E+01
 2.64000E+01, 1.44326E+01
 2.65000E+01, 1.45357E+01
 2.66000E+01, 1.46382E+01
 2.67000E+01, 1.47400E+01
 2.68000E+01, 1.48412E+01
 2.69000E+01, 1.49418E+01
 2.70000E+01, 1.50417E+01
 2.71000E+01, 1.51409E+01
 2.72000E+01, 1.52395E+01
 2.73000E+01, 1.53374E+01
 2.74000E+01, 1.54347E+01
 2.75000E+01, 1.55313E+01
 2.76000E+01, 1.56272E+01
 2.77000E+01, 1.57224E+01
 2.78000E+01, 1.58170E+01
 2.79000E+01, 1.59108E+01
 2.80000E+01, 1.60040E+01
 2.81000E+01, 1.60965E+01
 2.82000E+01, 1.61883E+01
 2.83000E+01, 1.62794E+01
 2.84000E+01, 1.63697E+01
 2.85000E+01, 1.64594E+01
 2.86000E+01, 1.65483E+01
 2.87000E+01, 1.66366E+01
 2.88000E+01, 1.67241E+01
 2.89000E+01, 1.68108E+01
 2.90000E+01, 1.68969E+01
 2.91000E+01, 1.69822E+01
 2.92000E+01, 1.70669E+01
 2.93000E+01, 1.71507E+01
 2.94000E+01, 1.72339E+01
 2.95000E+01, 1.73163E+01
 2.96000E+01, 1.73979E+01
 2.97000E+01, 1.74788E+01
 2.98000E+01, 1.75590E+01
 2.99000E+01, 1.76384E+01
 3.00000E+01, 1.77170E+01
