 1.00000E-01, 6.08048E-35
 2.00000E-01, 2.63770E-01
 3.00000E-01, 8.06464E-01
 4.00000E-01, 1.37434E+00
 5.00000E-01, 1.96088E+00
 6.00000E-01, 2.56342E+00
 7.00000E-01, 3.17944E+00
 8.00000E-01, 3.80647E+00
 9.00000E-01, 4.44215E+00
 1.00000E+00, 5.08417E+00
 1.10000E+00, 5.73034E+00
 1.20000E+00, 6.37855E+00
 1.30000E+00, 7.02676E+00
 1.40000E+00, 7.67305E+00
 1.50000E+00, 8.31559E+00
 1.60000E+00, 8.95263E+00
 1.70000E+00, 9.58254E+00
 1.80000E+00, 1.02038E+01
 1.90000E+00, 1.08149E+01
 2.00000E+00, 1.14145E+01
 2.10000E+00, 1.20014E+01
 2.20000E+00, 1.25744E+01
 2.30000E+00, 1.31330E+01
 2.40000E+00, 1.36757E+01
 2.50000E+00, 1.42011E+01
 2.60000E+00, 1.47090E+01
 2.70000E+00, 1.51985E+01
 2.80000E+00, 1.56691E+01
 2.90000E+00, 1.61202E+01
 3.00000E+00, 1.65515E+01
 3.10000E+00, 1.69625E+01
 3.20000E+00, 1.73530E+01
 3.30000E+00, 1.77228E+01
 3.40000E+00, 1.80717E+01
 3.50000E+00, 1.83995E+01
 3.60000E+00, 1.87065E+01
 3.70000E+00, 1.89925E+01
 3.80000E+00, 1.92577E+01
 3.90000E+00, 1.95022E+01
 4.00000E+00, 1.97264E+01
 4.10000E+00, 1.99304E+01
 4.20000E+00, 2.01141E+01
 4.30000E+00, 2.02784E+01
 4.40000E+00, 2.04237E+01
 4.50000E+00, 2.05504E+01
 4.60000E+00, 2.06597E+01
 4.70000E+00, 2.07513E+01
 4.80000E+00, 2.08253E+01
 4.90000E+00, 2.08827E+01
 5.00000E+00, 2.09243E+01
 5.10000E+00, 2.09507E+01
 5.20000E+00, 2.09630E+01
 5.30000E+00, 2.09613E+01
 5.40000E+00, 2.09456E+01
 5.50000E+00, 2.09172E+01
 5.60000E+00, 2.08768E+01
 5.70000E+00, 2.08251E+01
 5.80000E+00, 2.07627E+01
 5.90000E+00, 2.06903E+01
 6.00000E+00, 2.06092E+01
 6.10000E+00, 2.05195E+01
 6.20000E+00, 2.04217E+01
 6.30000E+00, 2.03167E+01
 6.40000E+00, 2.02049E+01
 6.50000E+00, 2.00872E+01
 6.60000E+00, 1.99640E+01
 6.70000E+00, 1.98360E+01
 6.80000E+00, 1.97038E+01
 6.90000E+00, 1.95680E+01
 7.00000E+00, 1.94291E+01
 7.10000E+00, 1.92878E+01
 7.20000E+00, 1.91445E+01
 7.30000E+00, 1.89994E+01
 7.40000E+00, 1.88530E+01
 7.50000E+00, 1.87065E+01
 7.60000E+00, 1.85604E+01
 7.70000E+00, 1.84147E+01
 7.80000E+00, 1.82699E+01
 7.90000E+00, 1.81260E+01
 8.00000E+00, 1.79835E+01
 8.10000E+00, 1.78433E+01
 8.20000E+00, 1.77055E+01
 8.30000E+00, 1.75703E+01
 8.40000E+00, 1.74381E+01
 8.50000E+00, 1.73089E+01
 8.60000E+00, 1.71830E+01
 8.70000E+00, 1.70607E+01
 8.80000E+00, 1.69423E+01
 8.90000E+00, 1.68279E+01
 9.00000E+00, 1.67176E+01
 9.10000E+00, 1.66116E+01
 9.20000E+00, 1.65099E+01
 9.30000E+00, 1.64128E+01
 9.40000E+00, 1.63202E+01
 9.50000E+00, 1.62322E+01
 9.60000E+00, 1.61489E+01
 9.70000E+00, 1.60703E+01
 9.80000E+00, 1.59965E+01
 9.90000E+00, 1.59273E+01
 1.00000E+01, 1.58629E+01
 1.01000E+01, 1.58032E+01
 1.02000E+01, 1.57481E+01
 1.03000E+01, 1.56977E+01
 1.04000E+01, 1.56519E+01
 1.05000E+01, 1.56105E+01
 1.06000E+01, 1.55734E+01
 1.07000E+01, 1.55406E+01
 1.08000E+01, 1.55120E+01
 1.09000E+01, 1.54874E+01
 1.10000E+01, 1.54670E+01
 1.11000E+01, 1.54504E+01
 1.12000E+01, 1.54374E+01
 1.13000E+01, 1.54280E+01
 1.14000E+01, 1.54220E+01
 1.15000E+01, 1.54193E+01
 1.16000E+01, 1.54199E+01
 1.17000E+01, 1.54236E+01
 1.18000E+01, 1.54301E+01
 1.19000E+01, 1.54393E+01
 1.20000E+01, 1.54509E+01
 1.21000E+01, 1.54649E+01
 1.22000E+01, 1.54813E+01
 1.23000E+01, 1.54998E+01
 1.24000E+01, 1.55202E+01
 1.25000E+01, 1.55425E+01
 1.26000E+01, 1.55662E+01
 1.27000E+01, 1.55915E+01
 1.28000E+01, 1.56182E+01
 1.29000E+01, 1.56462E+01
 1.30000E+01, 1.56751E+01
 1.31000E+01, 1.57049E+01
 1.32000E+01, 1.57356E+01
 1.33000E+01, 1.57669E+01
 1.34000E+01, 1.57988E+01
 1.35000E+01, 1.58312E+01
 1.36000E+01, 1.58638E+01
 1.37000E+01, 1.58967E+01
 1.38000E+01, 1.59297E+01
 1.39000E+01, 1.59627E+01
 1.40000E+01, 1.59956E+01
 1.41000E+01, 1.60284E+01
 1.42000E+01, 1.60608E+01
 1.43000E+01, 1.60929E+01
 1.44000E+01, 1.61245E+01
 1.45000E+01, 1.61556E+01
 1.46000E+01, 1.61861E+01
 1.47000E+01, 1.62159E+01
 1.48000E+01, 1.62450E+01
 1.49000E+01, 1.62733E+01
 1.50000E+01, 1.63009E+01
 1.51000E+01, 1.63276E+01
 1.52000E+01, 1.63534E+01
 1.53000E+01, 1.63782E+01
 1.54000E+01, 1.64021E+01
 1.55000E+01, 1.64250E+01
 1.56000E+01, 1.64469E+01
 1.57000E+01, 1.64678E+01
 1.58000E+01, 1.64876E+01
 1.59000E+01, 1.65063E+01
 1.60000E+01, 1.65240E+01
 1.61000E+01, 1.65406E+01
 1.62000E+01, 1.65562E+01
 1.63000E+01, 1.65706E+01
 1.64000E+01, 1.65841E+01
 1.65000E+01, 1.65964E+01
 1.66000E+01, 1.66078E+01
 1.67000E+01, 1.66181E+01
 1.68000E+01, 1.66275E+01
 1.69000E+01, 1.66358E+01
 1.70000E+01, 1.66432E+01
 1.71000E+01, 1.66496E+01
 1.72000E+01, 1.66551E+01
 1.73000E+01, 1.66598E+01
 1.74000E+01, 1.66635E+01
 1.75000E+01, 1.66665E+01
 1.76000E+01, 1.66686E+01
 1.77000E+01, 1.66699E+01
 1.78000E+01, 1.66705E+01
 1.79000E+01, 1.66704E+01
 1.80000E+01, 1.66696E+01
 1.81000E+01, 1.66681E+01
 1.82000E+01, 1.66661E+01
 1.83000E+01, 1.66634E+01
 1.84000E+01, 1.66602E+01
 1.85000E+01, 1.66566E+01
 1.86000E+01, 1.66524E+01
 1.87000E+01, 1.66478E+01
 1.88000E+01, 1.66428E+01
 1.89000E+01, 1.66374E+01
 1.90000E+01, 1.66317E+01
 1.91000E+01, 1.66257E+01
 1.92000E+01, 1.66194E+01
 1.93000E+01, 1.66128E+01
 1.94000E+01, 1.66061E+01
 1.95000E+01, 1.65991E+01
 1.96000E+01, 1.65920E+01
 1.97000E+01, 1.65848E+01
 1.98000E+01, 1.65775E+01
 1.99000E+01, 1.65701E+01
 2.00000E+01, 1.65627E+01
 2.01000E+01, 1.65552E+01
 2.02000E+01, 1.65478E+01
 2.03000E+01, 1.65403E+01
 2.04000E+01, 1.65330E+01
 2.05000E+01, 1.65256E+01
 2.06000E+01, 1.65184E+01
 2.07000E+01, 1.65113E+01
 2.08000E+01, 1.65042E+01
 2.09000E+01, 1.64974E+01
 2.10000E+01, 1.64906E+01
 2.11000E+01, 1.64840E+01
 2.12000E+01, 1.64776E+01
 2.13000E+01, 1.64714E+01
 2.14000E+01, 1.64654E+01
 2.15000E+01, 1.64596E+01
 2.16000E+01, 1.64540E+01
 2.17000E+01, 1.64486E+01
 2.18000E+01, 1.64434E+01
 2.19000E+01, 1.64384E+01
 2.20000E+01, 1.64337E+01
 2.21000E+01, 1.64293E+01
 2.22000E+01, 1.64250E+01
 2.23000E+01, 1.64210E+01
 2.24000E+01, 1.64173E+01
 2.25000E+01, 1.64138E+01
 2.26000E+01, 1.64105E+01
 2.27000E+01, 1.64074E+01
 2.28000E+01, 1.64047E+01
 2.29000E+01, 1.64021E+01
 2.30000E+01, 1.63998E+01
 2.31000E+01, 1.63977E+01
 2.32000E+01, 1.63958E+01
 2.33000E+01, 1.63941E+01
 2.34000E+01, 1.63927E+01
 2.35000E+01, 1.63914E+01
 2.36000E+01, 1.63904E+01
 2.37000E+01, 1.63895E+01
 2.38000E+01, 1.63889E+01
 2.39000E+01, 1.63884E+01
 2.40000E+01, 1.63881E+01
 2.41000E+01, 1.63880E+01
 2.42000E+01, 1.63880E+01
 2.43000E+01, 1.63882E+01
 2.44000E+01, 1.63885E+01
 2.45000E+01, 1.63890E+01
 2.46000E+01, 1.63896E+01
 2.47000E+01, 1.63903E+01
 2.48000E+01, 1.63911E+01
 2.49000E+01, 1.63921E+01
 2.50000E+01, 1.63931E+01
 2.51000E+01, 1.63943E+01
 2.52000E+01, 1.63955E+01
 2.53000E+01, 1.63968E+01
 2.54000E+01, 1.63981E+01
 2.55000E+01, 1.63996E+01
 2.56000E+01, 1.64010E+01
 2.57000E+01, 1.64026E+01
 2.58000E+01, 1.64041E+01
 2.59000E+01, 1.64057E+01
 2.60000E+01, 1.64074E+01
 2.61000E+01, 1.64090E+01
 2.62000E+01, 1.64107E+01
 2.63000E+01, 1.64123E+01
 2.64000E+01, 1.64140E+01
 2.65000E+01, 1.64157E+01
 2.66000E+01, 1.64174E+01
 2.67000E+01, 1.64191E+01
 2.68000E+01, 1.64207E+01
 2.69000E+01, 1.64223E+01
 2.70000E+01, 1.64240E+01
 2.71000E+01, 1.64255E+01
 2.72000E+01, 1.64271E+01
 2.73000E+01, 1.64286E+01
 2.74000E+01, 1.64301E+01
 2.75000E+01, 1.64315E+01
 2.76000E+01, 1.64329E+01
 2.77000E+01, 1.64343E+01
 2.78000E+01, 1.64356E+01
 2.79000E+01, 1.64369E+01
 2.80000E+01, 1.64381E+01
 2.81000E+01, 1.64393E+01
 2.82000E+01, 1.64404E+01
 2.83000E+01, 1.64415E+01
 2.84000E+01, 1.64425E+01
 2.85000E+01, 1.64434E+01
 2.86000E+01, 1.64443E+01
 2.87000E+01, 1.64452E+01
 2.88000E+01, 1.64459E+01
 2.89000E+01, 1.64467E+01
 2.90000E+01, 1.64474E+01
 2.91000E+01, 1.64480E+01
 2.92000E+01, 1.64486E+01
 2.93000E+01, 1.64491E+01
 2.94000E+01, 1.64496E+01
 2.95000E+01, 1.64500E+01
 2.96000E+01, 1.64504E+01
 2.97000E+01, 1.64507E+01
 2.98000E+01, 1.64510E+01
 2.99000E+01, 1.64512E+01
 3.00000E+01, 1.64514E+01
