 1.00000E-01, 2.42090E-01
 2.00000E-01, 7.39786E-01
 3.00000E-01, 1.26219E+00
 4.00000E-01, 1.80565E+00
 5.00000E-01, 2.36971E+00
 6.00000E-01, 2.94972E+00
 7.00000E-01, 3.54103E+00
 8.00000E-01, 4.14338E+00
 9.00000E-01, 4.75452E+00
 1.00000E+00, 5.37220E+00
 1.10000E+00, 5.99430E+00
 1.20000E+00, 6.61876E+00
 1.30000E+00, 7.24361E+00
 1.40000E+00, 7.86832E+00
 1.50000E+00, 8.48981E+00
 1.60000E+00, 9.10500E+00
 1.70000E+00, 9.71359E+00
 1.80000E+00, 1.03141E+01
 1.90000E+00, 1.09060E+01
 2.00000E+00, 1.14871E+01
 2.10000E+00, 1.20554E+01
 2.20000E+00, 1.26104E+01
 2.30000E+00, 1.31512E+01
 2.40000E+00, 1.36768E+01
 2.50000E+00, 1.41863E+01
 2.60000E+00, 1.46791E+01
 2.70000E+00, 1.51543E+01
 2.80000E+00, 1.56114E+01
 2.90000E+00, 1.60499E+01
 3.00000E+00, 1.64693E+01
 3.10000E+00, 1.68693E+01
 3.20000E+00, 1.72496E+01
 3.30000E+00, 1.76099E+01
 3.40000E+00, 1.79502E+01
 3.50000E+00, 1.82701E+01
 3.60000E+00, 1.85698E+01
 3.70000E+00, 1.88496E+01
 3.80000E+00, 1.91093E+01
 3.90000E+00, 1.93491E+01
 4.00000E+00, 1.95691E+01
 4.10000E+00, 1.97697E+01
 4.20000E+00, 1.99511E+01
 4.30000E+00, 2.01137E+01
 4.40000E+00, 2.02578E+01
 4.50000E+00, 2.03839E+01
 4.60000E+00, 2.04925E+01
 4.70000E+00, 2.05840E+01
 4.80000E+00, 2.06589E+01
 4.90000E+00, 2.07178E+01
 5.00000E+00, 2.07613E+01
 5.10000E+00, 2.07899E+01
 5.20000E+00, 2.08042E+01
 5.30000E+00, 2.08049E+01
 5.40000E+00, 2.07925E+01
 5.50000E+00, 2.07678E+01
 5.60000E+00, 2.07313E+01
 5.70000E+00, 2.06838E+01
 5.80000E+00, 2.06258E+01
 5.90000E+00, 2.05581E+01
 6.00000E+00, 2.04806E+01
 6.10000E+00, 2.03946E+01
 6.20000E+00, 2.03014E+01
 6.30000E+00, 2.02011E+01
 6.40000E+00, 2.00942E+01
 6.50000E+00, 1.99813E+01
 6.60000E+00, 1.98632E+01
 6.70000E+00, 1.97403E+01
 6.80000E+00, 1.96132E+01
 6.90000E+00, 1.94821E+01
 7.00000E+00, 1.93480E+01
 7.10000E+00, 1.92119E+01
 7.20000E+00, 1.90738E+01
 7.30000E+00, 1.89342E+01
 7.40000E+00, 1.87937E+01
 7.50000E+00, 1.86527E+01
 7.60000E+00, 1.85116E+01
 7.70000E+00, 1.83708E+01
 7.80000E+00, 1.82308E+01
 7.90000E+00, 1.80922E+01
 8.00000E+00, 1.79551E+01
 8.10000E+00, 1.78196E+01
 8.20000E+00, 1.76862E+01
 8.30000E+00, 1.75553E+01
 8.40000E+00, 1.74271E+01
 8.50000E+00, 1.73019E+01
 8.60000E+00, 1.71799E+01
 8.70000E+00, 1.70613E+01
 8.80000E+00, 1.69464E+01
 8.90000E+00, 1.68352E+01
 9.00000E+00, 1.67281E+01
 9.10000E+00, 1.66250E+01
 9.20000E+00, 1.65261E+01
 9.30000E+00, 1.64315E+01
 9.40000E+00, 1.63413E+01
 9.50000E+00, 1.62556E+01
 9.60000E+00, 1.61744E+01
 9.70000E+00, 1.60977E+01
 9.80000E+00, 1.60256E+01
 9.90000E+00, 1.59581E+01
 1.00000E+01, 1.58952E+01
 1.01000E+01, 1.58368E+01
 1.02000E+01, 1.57829E+01
 1.03000E+01, 1.57334E+01
 1.04000E+01, 1.56883E+01
 1.05000E+01, 1.56475E+01
 1.06000E+01, 1.56110E+01
 1.07000E+01, 1.55786E+01
 1.08000E+01, 1.55502E+01
 1.09000E+01, 1.55257E+01
 1.10000E+01, 1.55051E+01
 1.11000E+01, 1.54882E+01
 1.12000E+01, 1.54749E+01
 1.13000E+01, 1.54651E+01
 1.14000E+01, 1.54587E+01
 1.15000E+01, 1.54556E+01
 1.16000E+01, 1.54556E+01
 1.17000E+01, 1.54584E+01
 1.18000E+01, 1.54640E+01
 1.19000E+01, 1.54723E+01
 1.20000E+01, 1.54832E+01
 1.21000E+01, 1.54963E+01
 1.22000E+01, 1.55115E+01
 1.23000E+01, 1.55289E+01
 1.24000E+01, 1.55482E+01
 1.25000E+01, 1.55694E+01
 1.26000E+01, 1.55920E+01
 1.27000E+01, 1.56161E+01
 1.28000E+01, 1.56415E+01
 1.29000E+01, 1.56683E+01
 1.30000E+01, 1.56961E+01
 1.31000E+01, 1.57248E+01
 1.32000E+01, 1.57542E+01
 1.33000E+01, 1.57843E+01
 1.34000E+01, 1.58150E+01
 1.35000E+01, 1.58461E+01
 1.36000E+01, 1.58776E+01
 1.37000E+01, 1.59093E+01
 1.38000E+01, 1.59411E+01
 1.39000E+01, 1.59729E+01
 1.40000E+01, 1.60046E+01
 1.41000E+01, 1.60362E+01
 1.42000E+01, 1.60676E+01
 1.43000E+01, 1.60986E+01
 1.44000E+01, 1.61293E+01
 1.45000E+01, 1.61593E+01
 1.46000E+01, 1.61889E+01
 1.47000E+01, 1.62178E+01
 1.48000E+01, 1.62460E+01
 1.49000E+01, 1.62735E+01
 1.50000E+01, 1.63002E+01
 1.51000E+01, 1.63261E+01
 1.52000E+01, 1.63512E+01
 1.53000E+01, 1.63754E+01
 1.54000E+01, 1.63986E+01
 1.55000E+01, 1.64209E+01
 1.56000E+01, 1.64422E+01
 1.57000E+01, 1.64625E+01
 1.58000E+01, 1.64819E+01
 1.59000E+01, 1.65002E+01
 1.60000E+01, 1.65174E+01
 1.61000E+01, 1.65337E+01
 1.62000E+01, 1.65489E+01
 1.63000E+01, 1.65631E+01
 1.64000E+01, 1.65763E+01
 1.65000E+01, 1.65885E+01
 1.66000E+01, 1.65996E+01
 1.67000E+01, 1.66098E+01
 1.68000E+01, 1.66190E+01
 1.69000E+01, 1.66272E+01
 1.70000E+01, 1.66345E+01
 1.71000E+01, 1.66409E+01
 1.72000E+01, 1.66464E+01
 1.73000E+01, 1.66510E+01
 1.74000E+01, 1.66548E+01
 1.75000E+01, 1.66578E+01
 1.76000E+01, 1.66599E+01
 1.77000E+01, 1.66614E+01
 1.78000E+01, 1.66621E+01
 1.79000E+01, 1.66621E+01
 1.80000E+01, 1.66614E+01
 1.81000E+01, 1.66601E+01
 1.82000E+01, 1.66582E+01
 1.83000E+01, 1.66558E+01
 1.84000E+01, 1.66528E+01
 1.85000E+01, 1.66494E+01
 1.86000E+01, 1.66454E+01
 1.87000E+01, 1.66411E+01
 1.88000E+01, 1.66363E+01
 1.89000E+01, 1.66313E+01
 1.90000E+01, 1.66259E+01
 1.91000E+01, 1.66202E+01
 1.92000E+01, 1.66141E+01
 1.93000E+01, 1.66079E+01
 1.94000E+01, 1.66014E+01
 1.95000E+01, 1.65947E+01
 1.96000E+01, 1.65879E+01
 1.97000E+01, 1.65810E+01
 1.98000E+01, 1.65740E+01
 1.99000E+01, 1.65669E+01
 2.00000E+01, 1.65597E+01
 2.01000E+01, 1.65525E+01
 2.02000E+01, 1.65453E+01
 2.03000E+01, 1.65382E+01
 2.04000E+01, 1.65310E+01
 2.05000E+01, 1.65240E+01
 2.06000E+01, 1.65170E+01
 2.07000E+01, 1.65101E+01
 2.08000E+01, 1.65033E+01
 2.09000E+01, 1.64966E+01
 2.10000E+01, 1.64901E+01
 2.11000E+01, 1.64837E+01
 2.12000E+01, 1.64775E+01
 2.13000E+01, 1.64715E+01
 2.14000E+01, 1.64656E+01
 2.15000E+01, 1.64600E+01
 2.16000E+01, 1.64545E+01
 2.17000E+01, 1.64493E+01
 2.18000E+01, 1.64442E+01
 2.19000E+01, 1.64394E+01
 2.20000E+01, 1.64348E+01
 2.21000E+01, 1.64305E+01
 2.22000E+01, 1.64263E+01
 2.23000E+01, 1.64224E+01
 2.24000E+01, 1.64188E+01
 2.25000E+01, 1.64153E+01
 2.26000E+01, 1.64121E+01
 2.27000E+01, 1.64092E+01
 2.28000E+01, 1.64064E+01
 2.29000E+01, 1.64039E+01
 2.30000E+01, 1.64016E+01
 2.31000E+01, 1.63996E+01
 2.32000E+01, 1.63977E+01
 2.33000E+01, 1.63960E+01
 2.34000E+01, 1.63946E+01
 2.35000E+01, 1.63934E+01
 2.36000E+01, 1.63923E+01
 2.37000E+01, 1.63915E+01
 2.38000E+01, 1.63908E+01
 2.39000E+01, 1.63903E+01
 2.40000E+01, 1.63900E+01
 2.41000E+01, 1.63898E+01
 2.42000E+01, 1.63898E+01
 2.43000E+01, 1.63900E+01
 2.44000E+01, 1.63903E+01
 2.45000E+01, 1.63907E+01
 2.46000E+01, 1.63912E+01
 2.47000E+01, 1.63919E+01
 2.48000E+01, 1.63927E+01
 2.49000E+01, 1.63936E+01
 2.50000E+01, 1.63946E+01
 2.51000E+01, 1.63957E+01
 2.52000E+01, 1.63968E+01
 2.53000E+01, 1.63980E+01
 2.54000E+01, 1.63993E+01
 2.55000E+01, 1.64007E+01
 2.56000E+01, 1.64021E+01
 2.57000E+01, 1.64036E+01
 2.58000E+01, 1.64051E+01
 2.59000E+01, 1.64066E+01
 2.60000E+01, 1.64082E+01
 2.61000E+01, 1.64098E+01
 2.62000E+01, 1.64114E+01
 2.63000E+01, 1.64130E+01
 2.64000E+01, 1.64146E+01
 2.65000E+01, 1.64162E+01
 2.66000E+01, 1.64179E+01
 2.67000E+01, 1.64195E+01
 2.68000E+01, 1.64211E+01
 2.69000E+01, 1.64226E+01
 2.70000E+01, 1.64242E+01
 2.71000E+01, 1.64257E+01
 2.72000E+01, 1.64272E+01
 2.73000E+01, 1.64287E+01
 2.74000E+01, 1.64301E+01
 2.75000E+01, 1.64315E+01
 2.76000E+01, 1.64329E+01
 2.77000E+01, 1.64342E+01
 2.78000E+01, 1.64355E+01
 2.79000E+01, 1.64367E+01
 2.80000E+01, 1.64379E+01
 2.81000E+01, 1.64391E+01
 2.82000E+01, 1.64401E+01
 2.83000E+01, 1.64412E+01
 2.84000E+01, 1.64422E+01
 2.85000E+01, 1.64431E+01
 2.86000E+01, 1.64440E+01
 2.87000E+01, 1.64448E+01
 2.88000E+01, 1.64456E+01
 2.89000E+01, 1.64463E+01
 2.90000E+01, 1.64470E+01
 2.91000E+01, 1.64476E+01
 2.92000E+01, 1.64482E+01
 2.93000E+01, 1.64487E+01
 2.94000E+01, 1.64491E+01
 2.95000E+01, 1.64496E+01
 2.96000E+01, 1.64499E+01
 2.97000E+01, 1.64503E+01
 2.98000E+01, 1.64505E+01
 2.99000E+01, 1.64508E+01
 3.00000E+01, 1.64510E+01
